    unsorted:	 39.47841810 0.004934943194 38.41188678 64.81539072 123.8492978 135.6206382 161.3553548 250.8440548 365.4772824 465.5476780 493.4424889 566.8571351 781.6454266 969.6050307 1163.283898 1178.598268 1315.912775 1356.260555 1455.170726 1619.938847 1947.131496 1981.777630 2047.395672 2207.091436 2415.724397 2667.352444 3060.093408 3507.847631 3787.040546 4147.372101 5342.908784 6091.398247 6615.937283 7462.131206 8304.491442 9862.714783 10675.00335 12903.84298 13605.56361 13884.29741 15822.74056 37649.18762 41725.95757 56363.27095 56933.23176 82439.48268 109287.1706 121817.9277 152381.7915 217841.4590 7493732.181
      sorted:	 0.004934943194 38.41188678 39.47841810 64.81539072 123.8492978 135.6206382 161.3553548 250.8440548 365.4772824 465.5476780 493.4424889 566.8571351 781.6454266 969.6050307 1163.283898 1178.598268 1315.912775 1356.260555 1455.170726 1619.938847 1947.131496 1981.777630 2047.395672 2207.091436 2415.724397 2667.352444 3060.093408 3507.847631 3787.040546 4147.372101 5342.908784 6091.398247 6615.937283 7462.131206 8304.491442 9862.714783 10675.00335 12903.84298 13605.56361 13884.29741 15822.74056 37649.18762 41725.95757 56363.27095 56933.23176 82439.48268 109287.1706 121817.9277 152381.7915 217841.4590 7493732.181
