    unsorted:	 61.68502800 61.68502800 0.004934943210 0.01810450023 0.02442751643 0.04768385738 0.3360776900 0.5368374166 3.069698579 2.737486641 5.884011813 10.89220910 12.14289152 14.07887722 13.87313920 21.75733067 23.51044614 32.36320889 58.80407514 70.48178078 75.91102685 81.49799159 94.09875265 103.1536152 137.6414441 151.0629229 175.7010807 172.1903834 193.0267918 257.2205009 275.3218478 304.2070801 334.2145536 378.6719795 405.7095440 459.5462021 465.9883558 548.1198014 629.2750872 680.7942211 703.5697625 754.3148780 844.3395804 916.2061965 1003.660348 1077.104568 1192.209633 1268.525688 1317.370321 1422.375343 1533.425226 1754.626798 2072.586972 2077.468510 2361.325201 2512.170823 2710.703817 2788.187285 2942.353902 3017.125871 3070.401914 3285.516711 3350.416337 3579.482278 3943.320786 4053.741805 4303.503063 4386.453657 4685.592718 4856.809471 5016.286279 5618.252010 5731.920150 5865.244551 6335.063718 7172.946619 7502.062065 8129.878012 8572.858526 9029.048241 9188.752615 10255.55499 10575.91050 10912.93824 11688.36597 12102.98140 12320.59434 13068.56189 13260.14938 14560.87569 15148.73273 16098.00573 16646.71240 17649.05251 18223.69884 18943.24242 20179.47985 22574.79898 23541.56188 25964.84826 29286.38117 29045.42915 32121.09721 39439.51929 39740.32823 45309.01119 46984.22433 54472.30465 58781.43604 59730.01375 60304.74197 65685.03003 79686.15019 89606.01281 93380.19868 98658.77319 104931.0627 119808.7672 123837.9257 165639.4615 177403.9753 260665.4147 271914.0499 286085.4010 309911.3529 306959.6484 376718.6907 540647.2493 1187663.473 1296503.115 1607428.151 1998619.258 2691251.471 3136958.162 3513827.999 7171873.209 8456304.720 9736261.987 164741483.0 2671304212.
      sorted:	 0.004934943210 0.01810450023 0.02442751643 0.04768385738 0.3360776900 0.5368374166 2.737486641 3.069698579 5.884011813 10.89220910 12.14289152 13.87313920 14.07887722 21.75733067 23.51044614 32.36320889 58.80407514 61.68502800 61.68502800 70.48178078 75.91102685 81.49799159 94.09875265 103.1536152 137.6414441 151.0629229 172.1903834 175.7010807 193.0267918 257.2205009 275.3218478 304.2070801 334.2145536 378.6719795 405.7095440 459.5462021 465.9883558 548.1198014 629.2750872 680.7942211 703.5697625 754.3148780 844.3395804 916.2061965 1003.660348 1077.104568 1192.209633 1268.525688 1317.370321 1422.375343 1533.425226 1754.626798 2072.586972 2077.468510 2361.325201 2512.170823 2710.703817 2788.187285 2942.353902 3017.125871 3070.401914 3285.516711 3350.416337 3579.482278 3943.320786 4053.741805 4303.503063 4386.453657 4685.592718 4856.809471 5016.286279 5618.252010 5731.920150 5865.244551 6335.063718 7172.946619 7502.062065 8129.878012 8572.858526 9029.048241 9188.752615 10255.55499 10575.91050 10912.93824 11688.36597 12102.98140 12320.59434 13068.56189 13260.14938 14560.87569 15148.73273 16098.00573 16646.71240 17649.05251 18223.69884 18943.24242 20179.47985 22574.79898 23541.56188 25964.84826 29045.42915 29286.38117 32121.09721 39439.51929 39740.32823 45309.01119 46984.22433 54472.30465 58781.43604 59730.01375 60304.74197 65685.03003 79686.15019 89606.01281 93380.19868 98658.77319 104931.0627 119808.7672 123837.9257 165639.4615 177403.9753 260665.4147 271914.0499 286085.4010 306959.6484 309911.3529 376718.6907 540647.2493 1187663.473 1296503.115 1607428.151 1998619.258 2691251.471 3136958.162 3513827.999 7171873.209 8456304.720 9736261.987 164741483.0 2671304212.
