    unsorted:	 61.68502800 61.68502800 281.9682247 285.2962162 287.8670911 275.4934129 274.7023105 267.2736801 265.1980550 297.5816076 299.7191983 305.3967498 307.9580563 246.1256655 247.7946164 243.4349847 241.5129386 320.8528690 323.9962546 230.7493724 226.2637948 338.2278941 342.2767636 346.9704859 352.2492076 215.1121661 361.7247248 371.1827681 200.8482133 186.7544153 400.9188057 411.5720590 422.8706181 431.0511087 153.6819241 0.004946159909 99.36318213 85.45961014 56.26549985 -0.1845821603 19.42641000 9.763281228 493.8945891 531.1366033 560.0361555 -64.79721930 -93.11349396 -94.78157168 -149.7989638 648.9864996 -211.8264055 -238.3426561 764.8114016 -316.9494957 927.6161349 -445.2769852 -453.8039144 1029.133357 1296.949995 -772.7956755 1452.009382 -878.1655457 1690.799488 1763.519367 -951.1280692 1918.319424 2044.624468 2091.138924 2139.258022 2263.239543 2380.748720 2590.015101 2652.975578 2770.621844 2831.571765 2948.286799 3003.422546 3097.447764 3228.129243 3303.047906 3345.133001 3409.666653 -1439.132414 3710.184536 3993.859629 4048.874394 4106.300565 4226.639835 4457.455167 4602.639206 4660.381487 4744.799203 -2127.337700 5083.887441 5344.895279 5530.877290 5735.271942 6039.504923 6205.760106 6354.224165 6498.367934 6634.380480 -3688.599189 -3989.054523 -4045.273854 7748.289672 7891.735767 8159.441125 -4603.930431 8914.728985 9145.522375 9273.307121 9808.650543 10186.33860 10393.16810 10788.15454 11376.38542 12576.46721 14135.03202 14921.91598 15222.96324 -9801.167757 15931.06975 17845.59990 18446.49958 19825.04603 23071.27491 24369.10679 -18209.74692 27615.36037 29257.40292 30399.06763 31264.07877 32475.61920 34720.23336 38578.27618 45534.07112 52958.83942 -59212.09526 73122.71231 -86057.04803 118159.3444 145709.5700 206486.0374 241448.8108 254510.6589 508123.3265 2234820.200 7366754.991 34891760.88
      sorted:	 -86057.04803 -59212.09526 -18209.74692 -9801.167757 -4603.930431 -4045.273854 -3989.054523 -3688.599189 -2127.337700 -1439.132414 -951.1280692 -878.1655457 -772.7956755 -453.8039144 -445.2769852 -316.9494957 -238.3426561 -211.8264055 -149.7989638 -94.78157168 -93.11349396 -64.79721930 -0.1845821603 0.004946159909 9.763281228 19.42641000 56.26549985 61.68502800 61.68502800 85.45961014 99.36318213 153.6819241 186.7544153 200.8482133 215.1121661 226.2637948 230.7493724 241.5129386 243.4349847 246.1256655 247.7946164 265.1980550 267.2736801 274.7023105 275.4934129 281.9682247 285.2962162 287.8670911 297.5816076 299.7191983 305.3967498 307.9580563 320.8528690 323.9962546 338.2278941 342.2767636 346.9704859 352.2492076 361.7247248 371.1827681 400.9188057 411.5720590 422.8706181 431.0511087 493.8945891 531.1366033 560.0361555 648.9864996 764.8114016 927.6161349 1029.133357 1296.949995 1452.009382 1690.799488 1763.519367 1918.319424 2044.624468 2091.138924 2139.258022 2263.239543 2380.748720 2590.015101 2652.975578 2770.621844 2831.571765 2948.286799 3003.422546 3097.447764 3228.129243 3303.047906 3345.133001 3409.666653 3710.184536 3993.859629 4048.874394 4106.300565 4226.639835 4457.455167 4602.639206 4660.381487 4744.799203 5083.887441 5344.895279 5530.877290 5735.271942 6039.504923 6205.760106 6354.224165 6498.367934 6634.380480 7748.289672 7891.735767 8159.441125 8914.728985 9145.522375 9273.307121 9808.650543 10186.33860 10393.16810 10788.15454 11376.38542 12576.46721 14135.03202 14921.91598 15222.96324 15931.06975 17845.59990 18446.49958 19825.04603 23071.27491 24369.10679 27615.36037 29257.40292 30399.06763 31264.07877 32475.61920 34720.23336 38578.27618 45534.07112 52958.83942 73122.71231 118159.3444 145709.5700 206486.0374 241448.8108 254510.6589 508123.3265 2234820.200 7366754.991 34891760.88
