    unsorted:	 259.6819124 260.0353337 257.2759389 256.5559962 255.8682478 254.5636176 263.1804357 253.4512037 266.8923059 269.3672081 270.2056653 271.4044415 274.3665413 275.8745367 278.3507787 281.3362095 283.6070869 285.7684339 287.3518275 288.3163491 292.4068189 293.6849395 294.1383137 298.4166009 246.2616845 244.0512051 241.6216796 308.9305456 311.0536985 312.9831672 314.8029180 319.4451329 238.0869500 322.8042316 339.7302256 345.1131633 364.7183940 381.7288423 61.68502800 61.68502800 396.0255602 399.6827248 410.0199135 175.8919029 444.4354585 472.2752155 126.8527867 491.9010358 0.004934943196 544.7543649 561.0737743 591.6416196 602.3750727 625.8907012 656.8870972 676.4714315 23.42382268 3.044210779 726.8997598 775.2324195 779.4155357 792.4623228 825.5572173 918.1462354 947.4371289 969.7883405 1180.085969 1170.627054 1191.764732 1225.109730 1298.233026 1379.374375 1393.935519 1475.292772 1491.451071 1525.748816 1616.532076 1621.056858 1591.864058 1697.016124 1759.143249 1861.395344 1911.605131 1922.352177 2066.268749 2139.238613 2311.079372 2771.233674 2970.023298 3049.272827 3119.172744 3259.955916 3879.351673 3967.129836 4090.076054 4082.068566 4453.019335 4564.921270 5133.679642 5383.311306 5549.256385 5912.474137 6052.676044 6318.811911 6437.930382 7725.611308 7948.130383 8257.805488 8697.997675 9044.091499 9340.305619 9628.107057 9809.470970 10034.14318 10847.08270 11400.83600 11868.77102 12642.66379 12900.58132 13382.00932 13502.92683 14813.52669 15415.29305 15567.79263 16753.40754 16761.83713 17521.74994 18275.72612 18679.59232 18768.08454 19007.76690 21286.94343 23552.85652 26922.85316 32272.09413 35726.92383 37971.76981 41492.11700 46293.48334 77130.22807 92673.16232 117600.7368 191877.9735 224396.0638 311961.6575 508571.6427 563373.1407 827704.8301 7904506.022
      sorted:	 0.004934943196 3.044210779 23.42382268 61.68502800 61.68502800 126.8527867 175.8919029 238.0869500 241.6216796 244.0512051 246.2616845 253.4512037 254.5636176 255.8682478 256.5559962 257.2759389 259.6819124 260.0353337 263.1804357 266.8923059 269.3672081 270.2056653 271.4044415 274.3665413 275.8745367 278.3507787 281.3362095 283.6070869 285.7684339 287.3518275 288.3163491 292.4068189 293.6849395 294.1383137 298.4166009 308.9305456 311.0536985 312.9831672 314.8029180 319.4451329 322.8042316 339.7302256 345.1131633 364.7183940 381.7288423 396.0255602 399.6827248 410.0199135 444.4354585 472.2752155 491.9010358 544.7543649 561.0737743 591.6416196 602.3750727 625.8907012 656.8870972 676.4714315 726.8997598 775.2324195 779.4155357 792.4623228 825.5572173 918.1462354 947.4371289 969.7883405 1170.627054 1180.085969 1191.764732 1225.109730 1298.233026 1379.374375 1393.935519 1475.292772 1491.451071 1525.748816 1591.864058 1616.532076 1621.056858 1697.016124 1759.143249 1861.395344 1911.605131 1922.352177 2066.268749 2139.238613 2311.079372 2771.233674 2970.023298 3049.272827 3119.172744 3259.955916 3879.351673 3967.129836 4082.068566 4090.076054 4453.019335 4564.921270 5133.679642 5383.311306 5549.256385 5912.474137 6052.676044 6318.811911 6437.930382 7725.611308 7948.130383 8257.805488 8697.997675 9044.091499 9340.305619 9628.107057 9809.470970 10034.14318 10847.08270 11400.83600 11868.77102 12642.66379 12900.58132 13382.00932 13502.92683 14813.52669 15415.29305 15567.79263 16753.40754 16761.83713 17521.74994 18275.72612 18679.59232 18768.08454 19007.76690 21286.94343 23552.85652 26922.85316 32272.09413 35726.92383 37971.76981 41492.11700 46293.48334 77130.22807 92673.16232 117600.7368 191877.9735 224396.0638 311961.6575 508571.6427 563373.1407 827704.8301 7904506.022
