    unsorted:	 259.6819123 260.0353335 257.2759388 256.5559960 255.8682471 254.5636169 253.4512039 263.1804355 266.8923057 269.3672080 270.2056651 271.4044411 274.3665413 275.8745363 278.3507819 281.3362098 283.6070870 285.7684338 287.3518275 288.3163490 292.4068190 293.6849395 294.1383142 298.4166015 246.2616847 244.0512059 241.6216795 308.9305455 311.0536991 312.9831685 314.8029184 238.0869526 319.4451340 322.8042320 339.7302253 345.1131650 364.7183943 381.7288425 396.0255600 399.6827248 410.0199121 175.8919036 444.4354586 61.68502779 61.68502836 472.2752153 126.8527867 491.9010346 0.004935219941 544.7543686 561.0737747 591.6416213 602.3750746 625.8907018 23.42382160 3.044209412 656.8871000 676.4714318 726.8997596 775.2324197 779.4155365 792.4623239 825.5572177 918.1462367 947.4371280 969.7883416 1180.085970 1170.627055 1191.764730 1225.109730 1298.233027 1379.374376 1393.935520 1475.292773 1491.451072 1525.748817 1616.532075 1621.056857 1591.864060 1697.016128 1759.143250 1861.395342 1911.605132 1922.352180 2066.268750 2139.238620 2311.079371 2771.233673 2970.023298 3049.272828 3119.172742 3259.955917 3879.351674 3967.129836 4090.076049 4082.068569 4453.019337 4564.921272 5133.679643 5383.311306 5549.256383 5912.474139 6052.676044 6318.811911 6437.930379 7725.611309 7948.130386 8257.805488 8697.997678 9044.091500 9340.305617 9628.107058 9809.470971 10034.14317 10847.08270 11400.83600 11868.77102 12642.66379 12900.58132 13382.00932 13502.92683 14813.52669 15415.29305 15567.79263 16753.40754 16761.83713 17521.74995 18275.72613 18679.59232 18768.08454 19007.76690 21286.94344 23552.85652 26922.85317 32272.09413 35726.92383 37971.76981 41492.11700 46293.48334 2.467401100e+10 77130.22807 92673.16232 117600.7368 191877.9735 224396.0638 311961.6575 508571.6427 563373.1407 827704.8301 7904506.022
      sorted:	 0.004935219941 3.044209412 23.42382160 61.68502779 61.68502836 126.8527867 175.8919036 238.0869526 241.6216795 244.0512059 246.2616847 253.4512039 254.5636169 255.8682471 256.5559960 257.2759388 259.6819123 260.0353335 263.1804355 266.8923057 269.3672080 270.2056651 271.4044411 274.3665413 275.8745363 278.3507819 281.3362098 283.6070870 285.7684338 287.3518275 288.3163490 292.4068190 293.6849395 294.1383142 298.4166015 308.9305455 311.0536991 312.9831685 314.8029184 319.4451340 322.8042320 339.7302253 345.1131650 364.7183943 381.7288425 396.0255600 399.6827248 410.0199121 444.4354586 472.2752153 491.9010346 544.7543686 561.0737747 591.6416213 602.3750746 625.8907018 656.8871000 676.4714318 726.8997596 775.2324197 779.4155365 792.4623239 825.5572177 918.1462367 947.4371280 969.7883416 1170.627055 1180.085970 1191.764730 1225.109730 1298.233027 1379.374376 1393.935520 1475.292773 1491.451072 1525.748817 1591.864060 1616.532075 1621.056857 1697.016128 1759.143250 1861.395342 1911.605132 1922.352180 2066.268750 2139.238620 2311.079371 2771.233673 2970.023298 3049.272828 3119.172742 3259.955917 3879.351674 3967.129836 4082.068569 4090.076049 4453.019337 4564.921272 5133.679643 5383.311306 5549.256383 5912.474139 6052.676044 6318.811911 6437.930379 7725.611309 7948.130386 8257.805488 8697.997678 9044.091500 9340.305617 9628.107058 9809.470971 10034.14317 10847.08270 11400.83600 11868.77102 12642.66379 12900.58132 13382.00932 13502.92683 14813.52669 15415.29305 15567.79263 16753.40754 16761.83713 17521.74995 18275.72613 18679.59232 18768.08454 19007.76690 21286.94344 23552.85652 26922.85317 32272.09413 35726.92383 37971.76981 41492.11700 46293.48334 77130.22807 92673.16232 117600.7368 191877.9735 224396.0638 311961.6575 508571.6427 563373.1407 827704.8301 7904506.022 2.467401100e+10
